a_s = 2.2420440512632064e-09
baryon_fraction = 0.16853932584269662
cs2_de = 1.0
h0 = 0.71
hubble = 71.0
k_s = 0.05000000074505806
n_run = 0.0
n_s = 0.963
ombh2 = 0.0226845
omch2 = 0.11191019999999999
omega_b = 0.045
omega_c = 0.22200000000000003
omega_k = 0.0
omega_lambda = 0.733
omega_m = 0.267
omega_nu = 0.0
ommh2 = 0.13459469999999998
omnuh2 = 0.0
r_t = 0.0
sigma8_input = 0.82
sigma_8 = 0.82
tau = 0.09
w = -1.0
wa = 0.0
yhe = 0.23999999463558197
